period                          RS_1Year  RS_9Months  RS_6Months  RS_3Months    RS
Company                 Symbol                                                    
2P                                   8.0        10.0        10.0        13.0  11.0
A.OTHAIM MARKET                      8.0         8.0         5.0         3.0   6.0
ABO MOATI                           42.0        11.0        19.0        11.0  19.0
ACC                                 69.0        48.0        22.0        32.0  41.0
ACIG                                18.0        37.0        80.0        69.0  55.0
ACWA                                52.0        70.0        78.0        35.0  54.0
ADES                                93.0        69.0        59.0        38.0  60.0
ADVANCED                            14.0        17.0        18.0        48.0  30.0
AICC                                40.0        42.0        64.0        47.0  48.0
AL AZIZIAH REIT                     78.0        75.0        11.0        12.0  38.0
AL MAATHER REIT                     63.0        39.0        36.0        30.0  40.0
ALAHLI REIT 1                       74.0        69.0        56.0        66.0  67.0
ALAHLIA                             83.0        65.0        71.0        79.0  76.0
ALAKARIA                            76.0        92.0        92.0        74.0  82.0
ALAMAR                              44.0        71.0        49.0        87.0  68.0
ALANDALUS                           37.0        21.0        45.0        72.0  50.0
ALARABIA                             2.0         0.0         0.0         0.0   1.0
ALASEEL                             62.0        57.0        34.0        40.0  47.0
ALAWWAL                             88.0        65.0        71.0        79.0  77.0
ALBABTAIN                           71.0        35.0        32.0        25.0  38.0
ALBILAD                             51.0        52.0        35.0        67.0  55.0
ALDAWAA                             10.0        12.0         8.0        17.0  13.0
ALDREES                             69.0        61.0        46.0        90.0  72.0
ALETIHAD                            13.0        28.0        77.0        49.0  44.0
ALHAMMADI                           25.0        30.0        23.0        18.0  23.0
ALINMA                              93.0        90.0        74.0        83.0  85.0
ALINMA HOSPITALITY REIT             65.0        39.0        45.0        32.0  43.0
ALINMA RETAIL REIT                  78.0        58.0        62.0        42.0  57.0
ALINMA TOKIO M                      83.0        65.0        71.0        79.0  76.0
ALISTITHMAR REIT                    53.0        50.0        34.0        61.0  52.0
ALJAZIRA REIT                       46.0        46.0        54.0        48.0  49.0
ALJOUF                              50.0        33.0         9.0        19.0  27.0
ALKATHIRI                            5.0         2.0         1.0         2.0   3.0
ALKHABEER REIT                      75.0        60.0        61.0        64.0  65.0
ALKHALEEJ TRNG                       3.0         5.0        13.0        23.0  14.0
ALKHODARI                           83.0        65.0        71.0        79.0  76.0
ALMAJDIAH                            4.0         3.0         6.0        18.0  10.0
ALMAJED OUD                         68.0        34.0         8.0        37.0  37.0
ALMARAI                             61.0        78.0        75.0        58.0  66.0
ALMASAR ALSHAMIL                    91.0        48.0        92.0        84.0  80.0
ALMAWARID                           81.0        54.0        86.0        53.0  66.0
ALMOOSA                             24.0        10.0        26.0        52.0  33.0
ALMUNAJEM                           72.0        86.0        82.0        55.0  70.0
ALOMRAN                             16.0        14.0        30.0        21.0  21.0
ALRAJHI                             64.0        57.0        36.0        62.0  57.0
ALRAJHI TAKAFUL                     56.0        96.0        58.0        61.0  67.0
ALRAMZ                              70.0        74.0        68.0        86.0  77.0
ALSAGR INSURANCE                    42.0        73.0        67.0        22.0  46.0
ALSAIF GALLERY                      68.0        57.0        40.0        43.0  51.0
ALUJAIN                             46.0        76.0        55.0        84.0  69.0
ALWASAIL INDUSTRIAL                 57.0        30.0        89.0        72.0  64.0
ALYAMAMAH STEEL                     64.0        49.0        47.0        16.0  39.0
AMAK                                68.0        13.0        18.0        82.0  53.0
AMANA INSURANCE                     54.0        85.0        89.0        15.0  52.0
AMERICANA                           96.0        98.0        98.0        98.0  98.0
AMIANTIT                             9.0        12.0        10.0        19.0  14.0
AMLAK                               27.0        18.0        25.0        65.0  40.0
ANAAM HOLDING                       45.0        80.0        85.0        63.0  68.0
ANB                                 66.0        81.0        80.0        92.0  83.0
APC                                 94.0        97.0        84.0        77.0  86.0
ARAB SEA                            22.0        34.0        51.0        59.0  45.0
ARABIAN DRILLING                    98.0        56.0        97.0        92.0  87.0
ARABIAN MILLS                       67.0        75.0        56.0        16.0  46.0
ARABIAN SHIELD                      60.0        85.0        88.0        76.0  77.0
ARDCO                               10.0        17.0        35.0        32.0  26.0
ARMAH                               95.0        85.0        89.0        94.0  92.0
ARTEX                               46.0        56.0        53.0        12.0  36.0
ASLAK                               27.0        40.0        53.0        66.0  51.0
ASTRA INDUSTRIAL                    61.0        39.0        25.0        57.0  48.0
ATAA                                11.0         8.0         3.0         7.0   8.0
ATC                                 83.0        65.0        71.0        79.0  76.0
AVALON PHARMA                       60.0        62.0        90.0        88.0  78.0
AWPT                                24.0        11.0        14.0        10.0  14.0
AYYAN                               28.0         9.0        16.0         8.0  14.0
AZM                                 90.0        94.0        98.0        99.0  96.0
Al RAJHI REIT                       72.0        55.0        54.0        53.0  58.0
BAAN                                51.0        74.0        81.0        29.0  53.0
BAAZEEM                             54.0        24.0        57.0        38.0  43.0
BAHRI                               97.0        97.0        83.0        93.0  93.0
BANAN                               27.0        32.0        24.0        64.0  43.0
BATIC                               49.0        47.0        21.0        30.0  36.0
BAWAN                               13.0        10.0        12.0        34.0  21.0
BCI                                 59.0        51.0        55.0        82.0  66.0
BINDAWOOD                           50.0        70.0        48.0        50.0  54.0
BJAZ                                63.0        76.0        65.0        70.0  69.0
BONYAN REIT                         89.0        75.0        63.0        58.0  69.0
BSF                                 92.0        89.0        66.0        86.0  84.0
BUDGET SAUDI                         4.0         3.0         5.0        34.0  16.0
BUILD STATION                        6.0        11.0        26.0        22.0  18.0
BUPA ARABIA                         68.0        82.0        27.0        44.0  54.0
BURGERIZZR                          23.0        27.0        37.0        27.0  29.0
BURUJ                               74.0        65.0        71.0        79.0  74.0
Bishah Agriculture                  83.0        65.0        71.0         NaN  44.0
CARE                                15.0        14.0        14.0        63.0  34.0
CATRION                             21.0        24.0        40.0        17.0  24.0
CENOMI CENTERS                      33.0        26.0        36.0        36.0  34.0
CENOMI RETAIL                       10.0        15.0        43.0        93.0  51.0
CGS                                 21.0         7.0        46.0        47.0  34.0
CHEMANOL                             9.0        29.0         2.0         1.0   9.0
CHEMICAL                            83.0        87.0        58.0        42.0  63.0
CHERRY                              59.0        31.0        38.0        63.0  51.0
CHUBB                                7.0        29.0        33.0        23.0  23.0
CITY CEMENT                         23.0        23.0        17.0        43.0  30.0
CMCER                               15.0        28.0        28.0        11.0  19.0
DALLAH HEALTH                       22.0        15.0         3.0        15.0  14.0
DAR ALARKAN                         79.0        92.0        83.0        87.0  86.0
DBS                                 65.0        40.0        37.0        83.0  62.0
DERAYAH                             21.0        22.0        39.0        34.0  31.0
DERAYAH REIT                        71.0        71.0        76.0        57.0  67.0
DUR                                 86.0        65.0        71.0        83.0  78.0
DWF                                 19.0        20.0        20.0        14.0  18.0
EAST PIPES                          99.0        96.0        86.0        38.0  72.0
EIC                                 97.0        93.0        22.0        46.0  61.0
ELM                                 19.0        19.0        87.0        28.0  37.0
EMAAR EC                            31.0        58.0        44.0        60.0  51.0
ENAYA                               94.0        98.0        92.0        49.0  77.0
ENTAJ                                7.0        12.0        18.0        39.0  23.0
EPCCO                               58.0        60.0        62.0        33.0  50.0
EQUIPMENT HOUSE                     34.0        31.0        31.0        47.0  38.0
ETIHAD ETISALAT                     77.0        59.0        62.0        88.0  75.0
EXTRA                               24.0         8.0         8.0        10.0  12.0
FAKEEH CARE                         58.0        79.0        79.0        71.0  72.0
FARM SUPERSTORES                    15.0        16.0        15.0         9.0  13.0
FIPCO                               88.0        91.0        96.0        97.0  94.0
FIRST MILLS                         75.0        74.0        53.0        67.0  68.0
FITAIHI GROUP                       25.0        26.0        24.0        26.0  26.0
FLYNAS                              12.0         9.0        33.0         5.0  13.0
FOURTH MILLING                      79.0        82.0        64.0        48.0  65.0
GACO                                22.0        18.0        23.0        25.0  23.0
GAS                                 78.0        91.0        91.0        52.0  73.0
GASCO HOLDING                       36.0         7.0         4.0        20.0  18.0
GIG                                 95.0        97.0        95.0        68.0  85.0
GO TELECOM                          47.0        50.0        52.0        50.0  50.0
GULF GENERAL                        36.0        45.0        61.0        41.0  45.0
GULF UNION ALAHLIA                  70.0        94.0        97.0        46.0  71.0
HB                                  33.0        35.0        43.0        24.0  32.0
HCC                                 87.0        65.0        71.0        79.0  77.0
HERFY FOODS                         17.0        52.0        52.0        54.0  46.0
JABAL OMAR                          63.0        90.0        87.0        96.0  87.0
JADWA REIT ALHARAMAIN               66.0        51.0        60.0        54.0  58.0
JADWA REIT SAUDI                    49.0        24.0        15.0        12.0  23.0
JAHEZ                                9.0        36.0        84.0        33.0  39.0
JAMJOOM PHARMA                      54.0        48.0        29.0        26.0  37.0
JARIR                               96.0        93.0        93.0        59.0  80.0
JAZADCO                             34.0        49.0        22.0        24.0  31.0
JAZIRA TAKAFUL                      45.0        41.0        30.0         9.0  27.0
JOUF CEMENT                         29.0        16.0        59.0        53.0  42.0
KEC                                 99.0        99.0        99.0        99.0  99.0
KINGDOM                             99.0        99.0        99.0        97.0  99.0
LADUN                               44.0        14.0        11.0         6.0  17.0
LAZURDE                             37.0        27.0        16.0        21.0  25.0
LEEJAM SPORTS                        8.0        16.0        26.0        68.0  38.0
LIVA                                77.0        89.0        96.0        56.0  75.0
LUBEREF                             98.0        95.0        94.0        89.0  93.0
LUMI                                 1.0         1.0         6.0         4.0   4.0
MAADANIYAH                          17.0        25.0        27.0        27.0  25.0
MAADEN                              73.0        56.0        55.0        91.0  74.0
MAHARAH                             91.0        19.0        34.0        14.0  35.0
MALATH INSURANCE                    26.0        52.0        58.0        24.0  37.0
MARAFIQ                             79.0        89.0        98.0        94.0  91.0
MASAR                               36.0        76.0        67.0        60.0  60.0
MBC GROUP                            7.0         6.0         7.0        31.0  17.0
MCDC                                64.0        55.0        41.0        41.0  49.0
MEDGULF                             70.0        96.0        86.0        70.0  79.0
MEFIC REIT                          56.0        44.0        37.0        51.0  48.0
MEPCO                               14.0        26.0        51.0        45.0  37.0
MESC                                92.0        99.0        95.0        96.0  96.0
METLIFE AIG ANB                     71.0        65.0        71.0        13.0  47.0
MIAHONA                              1.0         2.0         1.0         1.0   2.0
MIS                                 99.0        99.0        99.0        99.0  99.0
MMG                                 83.0        65.0        71.0        79.0  76.0
MODERN MILLS                        47.0        49.0        45.0        44.0  46.0
MOUWASAT                            55.0        47.0        28.0        71.0  55.0
MRNA                                41.0        32.0        49.0        89.0  60.0
MULKIA REIT                         67.0        51.0        60.0        59.0  60.0
MUSHARAKA REIT                      38.0        23.0        16.0        18.0  23.0
MUTAKAMELA                          35.0        43.0        80.0         3.0  33.0
NADEC                               18.0        13.0        17.0        27.0  21.0
NAHDI                               41.0        59.0        29.0        64.0  52.0
NAJRAN CEMENT                       31.0        32.0        35.0        52.0  41.0
NAMA CHEMICALS                      35.0        26.0        48.0        79.0  54.0
NAQI                                95.0        80.0        95.0        93.0  92.0
NASEEJ                               0.0         4.0        21.0         1.0   6.0
NAYIFAT                             39.0        29.0        65.0        75.0  57.0
NCLE                                51.0        72.0        84.0        82.0  75.0
NGC                                 11.0        13.0        10.0         7.0  10.0
NICE ONE                             2.0         4.0        41.0         9.0  14.0
NOFOTH                              26.0         6.0        14.0        28.0  21.0
NORTHERN CEMENT                     53.0        46.0        49.0        73.0  59.0
OASIS                               75.0        86.0        81.0        40.0  65.0
OGC                                 23.0        46.0        33.0        49.0  40.0
PETRO RABIGH                        99.0        99.0        99.0        99.0  99.0
PETROCHEM                           83.0        65.0        71.0        74.0  74.0
QACCO                               90.0        78.0        79.0        74.0  79.0
RAOOM                               97.0        95.0        85.0        98.0  95.0
RASAN                               98.0        88.0        68.0        45.0  69.0
RAYDAN                              13.0        21.0        76.0        99.0  62.0
RED SEA                              3.0         5.0        47.0        13.0  17.0
RETAL                               39.0        19.0         1.0         2.0  13.0
RIBL                                73.0        59.0        43.0        65.0  61.0
RIYAD REIT                          55.0        41.0        31.0        35.0  40.0
RIYADH CABLES                       56.0        33.0        41.0        42.0  43.0
RIYADH CEMENT                       38.0        34.0        24.0        34.0  33.0
SAB                                 86.0        77.0        39.0        86.0  75.0
SABB TAKAFUL                        83.0        65.0        71.0        79.0  76.0
SABIC                               43.0        47.0        13.0        44.0  39.0
SABIC AGRI-NUTRIENTS                80.0        79.0        15.0        62.0  60.0
SACO                                16.0         9.0         5.0         4.0   8.0
SADAFCO                             32.0        20.0        30.0        19.0  24.0
SADR                                47.0        37.0        40.0        29.0  37.0
SAIB                                87.0        83.0        85.0        91.0  88.0
SAIC                                12.0        38.0        29.0        28.0  27.0
SAICO                               32.0        42.0        90.0        41.0  50.0
SAL                                 74.0        81.0        81.0        76.0  78.0
SALAMA                              19.0        37.0        60.0         8.0  27.0
SALEH ALRASHED                      49.0        20.0         3.0        56.0  37.0
SAMBA                               83.0        65.0        79.0        89.0  81.0
SANAD                               83.0        65.0        71.0        79.0  76.0
SAPTCO                              53.0        88.0        52.0        51.0  59.0
SARCO                               62.0        84.0        91.0        69.0  75.0
SASCO                               33.0        23.0        11.0        55.0  36.0
SAUDI ARAMCO                        89.0        82.0        50.0        71.0  73.0
SAUDI CABLE                         96.0        95.0        93.0        95.0  95.0
SAUDI CEMENT                        28.0        21.0        12.0        36.0  27.0
SAUDI CERAMICS                      35.0        33.0        12.0        20.0  24.0
SAUDI DARB                          30.0        43.0        59.0        31.0  39.0
SAUDI ENERGY                        80.0        84.0        44.0        31.0  54.0
SAUDI GERMAN HEALTH                  5.0        44.0        13.0        39.0  28.0
SAUDI KAYAN                         52.0        84.0        56.0        67.0  66.0
SAUDI RE                            48.0        77.0        75.0        90.0  76.0
SAVOLA GROUP                        76.0        87.0        42.0        37.0  56.0
SEDCO CAPITAL REIT                  73.0        61.0        50.0        16.0  44.0
SEERA                               29.0        22.0        57.0        62.0  47.0
SENAAT                              42.0         4.0         7.0         6.0  14.0
SFICO                               11.0        45.0        96.0         2.0  32.0
SGS                                  4.0         5.0         7.0         5.0   6.0
SHAKER                               3.0         3.0         2.0         7.0   5.0
SHARQIYAH DEV                       45.0        53.0        79.0        10.0  40.0
SHL                                 18.0        22.0        44.0        37.0  32.0
SIDC                                48.0        87.0        97.0        29.0  59.0
SIECO                               92.0        36.0        77.0        50.0  61.0
SIIG                                20.0        69.0        38.0        36.0  40.0
SINAD HOLDING                       41.0        53.0        41.0        39.0  43.0
SIPCHEM                             14.0        27.0         9.0        22.0  19.0
SISCO HOLDING                       93.0        93.0        87.0        96.0  94.0
SMASCO                              66.0        78.0        66.0        40.0  59.0
SMC HEALTHCARE                      43.0        30.0        19.0        46.0  37.0
SNB                                 80.0        73.0        46.0        74.0  70.0
SOLIDARITY                          83.0        65.0        71.0        79.0  76.0
SOLUTIONS                           57.0        54.0        88.0        92.0  77.0
SPCC                                31.0        31.0        23.0        58.0  41.0
SPIMACO                             90.0        92.0        65.0        91.0  86.0
SPM                                 89.0        54.0        78.0        72.0  73.0
SPORT CLUBS                         40.0        54.0        94.0        98.0  77.0
SPPC                                25.0        36.0        32.0        68.0  46.0
SRMG                                 1.0         1.0         4.0         4.0   3.0
SSP                                 91.0        98.0        88.0        95.0  94.0
STC                                 77.0        72.0        77.0        75.0  76.0
SULAIMAN ALHABIB                    59.0        45.0        42.0        88.0  65.0
SUMOU                               16.0        15.0        19.0        23.0  20.0
SVCP                                20.0        38.0        47.0        61.0  46.0
Sahara                              87.0        77.0        76.0        85.0  82.0
TADAWUL GROUP                       12.0        41.0        31.0        43.0  34.0
TADCO                               45.0        79.0        90.0        59.0  67.0
TAIBA                               57.0        83.0        32.0        66.0  61.0
TAKWEEN                              6.0         7.0         9.0         8.0   8.0
TALCO                               48.0        60.0        57.0        85.0  67.0
TALEEM REIT                         88.0        70.0        75.0        56.0  69.0
TAMKEEN                             38.0        25.0        64.0        70.0  54.0
TANMIAH                             32.0        73.0        63.0        87.0  69.0
TAPRCO                              34.0        91.0        99.0        97.0  84.0
TASHEEL                              5.0         2.0         2.0         6.0   5.0
TASNEE                              26.0        38.0        20.0        21.0  26.0
TAWUNIYA                            76.0        88.0        82.0        54.0  71.0
TCC                                 30.0        18.0        21.0        30.0  26.0
TECO                                29.0        86.0        25.0         3.0  30.0
THEEB                                2.0         1.0         4.0        19.0   9.0
THIMAR                              43.0        35.0        54.0        17.0  34.0
UACC                                40.0        42.0        48.0        11.0  31.0
UCA                                 20.0        43.0        93.0        76.0  62.0
UCIC                                52.0        58.0        63.0        51.0  55.0
WAFA INSURANCE                      83.0        65.0         NaN         NaN  30.0
WAFA Insurance                       NaN         NaN        71.0        79.0  46.0
WAFRAH                              37.0        68.0        67.0        14.0  40.0
WALAA                               65.0        80.0        91.0        90.0  84.0
WATANIYA                            55.0        81.0        82.0        84.0  78.0
Weqaya Takaful                      83.0        65.0        71.0        79.0  76.0
YANSAB                              69.0        90.0        38.0        94.0  77.0
YC                                  30.0        44.0        20.0        26.0  30.0
YCC                                 58.0        62.0        66.0        56.0  60.0
ZAIN KSA                            62.0        53.0        27.0        68.0  56.0
ZOUJAJ                              60.0        71.0        50.0        73.0  66.0